nsym = 100
nvertex = 10
maxsucc = 4
nactive = 100
generating CFG...
generating usedefs...
computing liveness...
T = 0.001051545 s
use[0] = { 0 4 5 6 7 8 9 11 12 13 17 18 19 20 22 24 25 27 28 40 41 42 44 46 50 51 53 54 55 56 59 65 66 68 69 72 73 75 76 82 83 84 85 90 94 95 96 97 }
def[0] = { 1 10 15 16 21 32 57 60 62 71 77 79 80 86 93 }

in[0] = { 0 4 5 6 7 8 9 11 12 13 14 17 18 19 20 22 23 24 25 26 27 28 29 30 31 33 35 36 37 38 39 40 41 42 43 44 45 46 47 48 49 50 51 52 53 54 55 56 58 59 61 63 64 65 66 67 68 69 70 72 73 74 75 76 78 81 82 83 84 85 88 90 91 92 94 95 96 97 98 99 }
out[0] = { 0 1 4 5 7 8 9 10 13 14 15 16 17 18 19 20 22 23 24 26 27 28 29 30 31 32 33 35 36 37 38 39 41 42 43 45 46 47 48 49 50 51 52 53 54 55 56 57 58 59 60 61 62 63 64 65 67 68 69 70 71 72 73 74 76 77 78 80 81 82 84 85 86 88 90 91 92 93 94 95 96 97 98 99 }

use[1] = { 1 4 5 7 14 15 16 17 20 22 23 24 30 31 32 37 38 39 41 43 45 49 50 51 52 53 54 55 58 59 60 61 63 64 67 68 69 74 77 78 81 84 85 86 88 93 96 97 99 }
def[1] = { 6 8 13 21 29 34 35 44 46 47 73 83 92 }

in[1] = { 1 4 5 7 14 15 16 17 20 22 23 24 30 31 32 37 38 39 41 43 45 49 50 51 52 53 54 55 58 59 60 61 63 64 67 68 69 74 77 78 81 84 85 86 88 93 96 97 99 }
out[1] = { }

use[2] = { 0 4 5 8 9 10 13 16 18 24 26 27 29 30 32 33 36 41 42 47 48 50 51 52 58 59 60 61 64 68 70 71 72 74 76 77 78 80 81 82 88 90 91 94 95 97 }
def[2] = { 2 3 6 12 34 39 44 45 49 66 69 79 83 84 87 89 99 }

in[2] = { 0 1 4 5 8 9 10 13 15 16 18 19 23 24 26 27 28 29 30 32 33 35 36 37 41 42 46 47 48 50 51 52 53 56 57 58 59 60 61 62 63 64 65 67 68 70 71 72 73 74 76 77 78 80 81 82 86 88 90 91 92 94 95 97 98 }
out[2] = { 0 1 8 10 13 15 16 18 19 23 28 29 34 35 37 41 44 46 48 51 52 53 56 57 61 62 63 65 66 67 68 69 72 73 77 78 81 84 86 89 92 94 95 98 }

use[3] = { 0 3 7 8 11 14 16 17 18 19 20 22 27 29 30 32 33 34 35 37 38 39 40 41 42 43 44 45 46 47 49 54 55 56 57 58 60 61 62 64 66 71 76 77 89 90 91 93 95 96 97 98 }
def[3] = { 2 4 23 65 70 75 78 82 84 86 87 92 94 }

in[3] = { 0 3 7 8 11 14 16 17 18 19 20 22 27 29 30 32 33 34 35 37 38 39 40 41 42 43 44 45 46 47 49 54 55 56 57 58 60 61 62 64 66 71 76 77 89 90 91 93 95 96 97 98 }
out[3] = { }

use[4] = { 0 1 8 10 13 15 16 18 19 23 28 29 34 35 37 41 44 46 48 51 52 53 56 57 61 62 63 65 66 67 68 69 72 73 77 78 81 84 86 89 92 94 95 98 }
def[4] = { 7 9 11 14 22 24 26 36 42 58 70 80 85 87 93 96 99 }

in[4] = { 0 1 8 10 13 15 16 18 19 23 28 29 34 35 37 41 44 46 48 51 52 53 56 57 61 62 63 65 66 67 68 69 72 73 77 78 81 84 86 89 92 94 95 98 }
out[4] = { }

use[5] = { 2 3 4 5 7 8 9 10 13 14 15 19 20 21 22 23 24 25 26 27 31 34 36 37 38 47 48 52 54 57 59 60 63 66 69 70 72 77 78 80 82 85 86 87 90 93 95 97 99 }
def[5] = { 11 12 18 29 39 41 42 43 44 55 61 64 71 73 81 83 84 91 92 }

in[5] = { 2 3 4 5 7 8 9 10 13 14 15 19 20 21 22 23 24 25 26 27 31 34 36 37 38 47 48 52 54 57 59 60 63 66 69 70 72 77 78 80 82 85 86 87 90 93 95 97 99 }
out[5] = { }

use[6] = { 1 2 5 8 10 11 14 18 19 22 24 25 27 30 31 32 34 35 38 40 41 43 45 46 47 49 50 54 57 65 68 69 72 73 76 77 79 80 87 88 89 90 94 95 96 99 }
def[6] = { 6 13 16 52 53 62 64 83 91 92 93 }

in[6] = { 1 2 5 8 10 11 14 18 19 22 24 25 27 30 31 32 34 35 38 40 41 43 45 46 47 49 50 54 57 65 68 69 72 73 76 77 79 80 87 88 89 90 94 95 96 99 }
out[6] = { }

use[7] = { 1 2 3 4 5 8 11 12 15 16 17 20 23 24 27 28 33 34 39 40 41 46 47 48 53 56 59 61 68 69 70 72 76 80 81 86 88 89 91 95 97 98 99 }
def[7] = { 13 18 22 29 42 43 45 51 55 62 63 65 66 67 71 73 78 84 87 }

in[7] = { 1 2 3 4 5 8 11 12 15 16 17 20 23 24 27 28 33 34 39 40 41 46 47 48 53 56 59 61 68 69 70 72 76 80 81 86 88 89 91 95 97 98 99 }
out[7] = { }

use[8] = { 0 1 3 4 6 10 12 13 18 20 23 24 25 27 30 33 35 39 43 45 47 48 49 52 53 55 57 58 61 62 63 65 70 71 74 75 76 78 82 85 87 88 89 90 92 96 97 99 }
def[8] = { 2 5 19 26 40 41 42 46 64 68 69 77 86 91 95 }

in[8] = { 0 1 3 4 6 10 12 13 18 20 23 24 25 27 30 33 35 39 43 45 47 48 49 52 53 55 57 58 61 62 63 65 70 71 74 75 76 78 82 85 87 88 89 90 92 96 97 99 }
out[8] = { 0 1 3 4 6 10 12 13 18 20 23 24 25 27 30 33 35 39 43 45 47 48 49 52 53 55 57 58 61 62 63 65 70 71 74 75 76 78 82 85 87 88 89 90 92 96 97 99 }

use[9] = { 1 5 6 7 9 10 11 12 15 18 22 24 25 28 29 31 32 36 38 40 42 45 46 49 52 53 56 57 59 60 63 66 67 73 75 78 79 82 87 93 94 97 98 99 }
def[9] = { 0 3 8 19 23 26 35 43 48 50 55 64 65 70 72 85 86 96 }

in[9] = { 1 5 6 7 9 10 11 12 15 18 22 24 25 28 29 31 32 36 38 40 42 45 46 49 52 53 56 57 59 60 63 66 67 73 75 78 79 82 87 93 94 97 98 99 }
out[9] = { }

